Q1_success_rate,Q2_completion_rate,Q3_faithfulness,Q4_context_relevancy,C1_latency_p95,C2_tokens_total,C3_cost_total,C4_tool_calls_total,C5_tool_error_rate,R1_success_var,R2_latency_var,R3_tokens_var,P1_steps_total,P2_backtrack_rate,P3_loop_score,P4_verification_density,stage_plan_events,stage_plan_tokens,stage_plan_latency_ms,stage_plan_tool_errors,stage_plan_verify_density,stage_retrieve_events,stage_retrieve_tokens,stage_retrieve_latency_ms,stage_retrieve_tool_errors,stage_retrieve_verify_density,stage_act_events,stage_act_tokens,stage_act_latency_ms,stage_act_tool_errors,stage_act_verify_density,stage_verify_events,stage_verify_tokens,stage_verify_latency_ms,stage_verify_tool_errors,stage_verify_verify_density,stage_revise_events,stage_revise_tokens,stage_revise_latency_ms,stage_revise_tool_errors,stage_revise_verify_density,stage_finalize_events,stage_finalize_tokens,stage_finalize_latency_ms,stage_finalize_tool_errors,stage_finalize_verify_density
1.0,1.0,,,5453.638291891664,577.0,0.0,0.0,0.0,0.0,0.0,0.0,4.0,0.0,0.0,0.25,1.0,0.0,1.0,0.0,0.0,0.0,0.0,0.0,0.0,0.0,1.0,385.0,5450.638291891664,0.0,0.0,1.0,0.0,1.0,0.0,1.0,0.0,0.0,0.0,0.0,0.0,1.0,192.0,1.0,0.0,0.0
